#Time, Ek, Ep
    0.000000000000E+00    0.000000000000E+00   -0.100000000000E+01
    0.100000000000E-02    0.500000333334E-06   -0.100000050000E+01
    0.200000000000E-02    0.200000533335E-05   -0.100000200001E+01
    0.299999999999E-02    0.450002700017E-05   -0.100000450003E+01
    0.399999999998E-02    0.800008533431E-05   -0.100000800009E+01
    0.499999999998E-02    0.125002083371E-04   -0.100001250021E+01
    0.599999999997E-02    0.180004320111E-04   -0.100001800043E+01
    0.699999999997E-02    0.245008003614E-04   -0.100002450080E+01
    0.799999999996E-02    0.320013653960E-04   -0.100003200137E+01
    0.899999999995E-02    0.405021871270E-04   -0.100004050219E+01
    0.999999999995E-02    0.500033335722E-04   -0.100005000333E+01
    0.109999999999E-01    0.605048807566E-04   -0.100006050488E+01
    0.119999999999E-01    0.720069127134E-04   -0.100007200691E+01
    0.129999999999E-01    0.845095214866E-04   -0.100008450952E+01
    0.139999999999E-01    0.980128071323E-04   -0.100009801281E+01
    0.149999999999E-01    0.112516877722E-03   -0.100011251688E+01
    0.160000000000E-01    0.128021849342E-03   -0.100012802185E+01
    0.170000000001E-01    0.144527846101E-03   -0.100014452785E+01
    0.180000000003E-01    0.162035000127E-03   -0.100016203500E+01
    0.190000000005E-01    0.180543451575E-03   -0.100018054345E+01
    0.200000000006E-01    0.200053348627E-03   -0.100020005335E+01
    0.210000000008E-01    0.220564847495E-03   -0.100022056485E+01
    0.220000000010E-01    0.242078112428E-03   -0.100024207811E+01
    0.230000000012E-01    0.264593315711E-03   -0.100026459332E+01
    0.240000000013E-01    0.288110637672E-03   -0.100028811064E+01
    0.250000000015E-01    0.312630266683E-03   -0.100031263027E+01
    0.260000000017E-01    0.338152399167E-03   -0.100033815240E+01
    0.270000000018E-01    0.364677239600E-03   -0.100036467724E+01
    0.280000000020E-01    0.392205000518E-03   -0.100039220500E+01
    0.290000000022E-01    0.420735902519E-03   -0.100042073590E+01
    0.300000000023E-01    0.450270174266E-03   -0.100045027017E+01
    0.310000000025E-01    0.480808052499E-03   -0.100048080805E+01
    0.320000000027E-01    0.512349782033E-03   -0.100051234978E+01
    0.330000000028E-01    0.544895615766E-03   -0.100054489562E+01
    0.340000000030E-01    0.578445814686E-03   -0.100057844581E+01
    0.350000000032E-01    0.613000647874E-03   -0.100061300065E+01
    0.360000000033E-01    0.648560392509E-03   -0.100064856039E+01
    0.370000000035E-01    0.685125333879E-03   -0.100068512533E+01
    0.380000000037E-01    0.722695765383E-03   -0.100072269577E+01
    0.390000000038E-01    0.761271988537E-03   -0.100076127199E+01
    0.400000000040E-01    0.800854312984E-03   -0.100080085431E+01
    0.410000000042E-01    0.841443056496E-03   -0.100084144306E+01
    0.420000000043E-01    0.883038544985E-03   -0.100088303854E+01
    0.430000000045E-01    0.925641112508E-03   -0.100092564111E+01
    0.440000000047E-01    0.969251101276E-03   -0.100096925110E+01
    0.450000000048E-01    0.101386886166E-02   -0.100101386886E+01
    0.460000000050E-01    0.105949475219E-02   -0.100105949475E+01
    0.470000000052E-01    0.110612913959E-02   -0.100110612914E+01
    0.480000000053E-01    0.115377239875E-02   -0.100115377240E+01
    0.490000000055E-01    0.120242491276E-02   -0.100120242491E+01
    0.500000000057E-01    0.125208707290E-02   -0.100125208707E+01
    0.510000000058E-01    0.130275927867E-02   -0.100130275928E+01
    0.520000000060E-01    0.135444193779E-02   -0.100135444194E+01
    0.530000000062E-01    0.140713546620E-02   -0.100140713547E+01
    0.540000000063E-01    0.146084028805E-02   -0.100146084029E+01
    0.550000000065E-01    0.151555683578E-02   -0.100151555684E+01
    0.560000000067E-01    0.157128555006E-02   -0.100157128555E+01
    0.570000000068E-01    0.162802687981E-02   -0.100162802688E+01
    0.580000000070E-01    0.168578128224E-02   -0.100168578128E+01
    0.590000000072E-01    0.174454922285E-02   -0.100174454922E+01
    0.600000000073E-01    0.180433117541E-02   -0.100180433118E+01
    0.610000000075E-01    0.186512762200E-02   -0.100186512762E+01
    0.620000000077E-01    0.192693905303E-02   -0.100192693905E+01
    0.630000000075E-01    0.198976596722E-02   -0.100198976597E+01
    0.640000000070E-01    0.205360887162E-02   -0.100205360887E+01
    0.650000000065E-01    0.211846828164E-02   -0.100211846828E+01
    0.660000000059E-01    0.218434472104E-02   -0.100218434472E+01
    0.670000000054E-01    0.225123872195E-02   -0.100225123872E+01
    0.680000000049E-01    0.231915082487E-02   -0.100231915082E+01
    0.690000000043E-01    0.238808157871E-02   -0.100238808158E+01
    0.700000000038E-01    0.245803154078E-02   -0.100245803154E+01
    0.710000000033E-01    0.252900127679E-02   -0.100252900128E+01
    0.720000000028E-01    0.260099136090E-02   -0.100260099136E+01
    0.730000000022E-01    0.267400237571E-02   -0.100267400238E+01
    0.740000000017E-01    0.274803491224E-02   -0.100274803491E+01
    0.750000000012E-01    0.282308957003E-02   -0.100282308957E+01
    0.760000000007E-01    0.289916695706E-02   -0.100289916696E+01
    0.770000000001E-01    0.297626768981E-02   -0.100297626769E+01
    0.779999999996E-01    0.305439239329E-02   -0.100305439239E+01
    0.789999999991E-01    0.313354170100E-02   -0.100313354170E+01
    0.799999999986E-01    0.321371625499E-02   -0.100321371625E+01
    0.809999999980E-01    0.329491670587E-02   -0.100329491671E+01
    0.819999999975E-01    0.337714371278E-02   -0.100337714371E+01
    0.829999999970E-01    0.346039794346E-02   -0.100346039794E+01
    0.839999999965E-01    0.354468007425E-02   -0.100354468007E+01
    0.849999999959E-01    0.362999079007E-02   -0.100362999079E+01
    0.859999999954E-01    0.371633078449E-02   -0.100371633078E+01
    0.869999999949E-01    0.380370075970E-02   -0.100380370076E+01
    0.879999999943E-01    0.389210142655E-02   -0.100389210143E+01
    0.889999999938E-01    0.398153350455E-02   -0.100398153350E+01
    0.899999999933E-01    0.407199772190E-02   -0.100407199772E+01
    0.909999999928E-01    0.416349481550E-02   -0.100416349482E+01
    0.919999999922E-01    0.425602553097E-02   -0.100425602553E+01
    0.929999999917E-01    0.434959062265E-02   -0.100434959062E+01
    0.939999999912E-01    0.444419085365E-02   -0.100444419085E+01
    0.949999999907E-01    0.453982699583E-02   -0.100453982700E+01
    0.959999999901E-01    0.463649982983E-02   -0.100463649983E+01
    0.969999999896E-01    0.473421014512E-02   -0.100473421015E+01
    0.979999999891E-01    0.483295873995E-02   -0.100483295874E+01
    0.989999999886E-01    0.493274642144E-02   -0.100493274642E+01
    0.999999999880E-01    0.503357400553E-02   -0.100503357401E+01
    0.100999999988E+00    0.513544231707E-02   -0.100513544232E+01
    0.101999999987E+00    0.523835218976E-02   -0.100523835219E+01
    0.102999999986E+00    0.534230446625E-02   -0.100534230447E+01
    0.103999999986E+00    0.544729999809E-02   -0.100544730000E+01
    0.104999999985E+00    0.555333964578E-02   -0.100555333965E+01
    0.105999999985E+00    0.566042427879E-02   -0.100566042428E+01
    0.106999999984E+00    0.576855477558E-02   -0.100576855478E+01
    0.107999999984E+00    0.587773202361E-02   -0.100587773202E+01
    0.108999999983E+00    0.598795691936E-02   -0.100598795692E+01
    0.109999999983E+00    0.609923036837E-02   -0.100609923037E+01
    0.110999999982E+00    0.621155328523E-02   -0.100621155329E+01
    0.111999999982E+00    0.632492659361E-02   -0.100632492659E+01
    0.112999999981E+00    0.643935122631E-02   -0.100643935123E+01
    0.113999999981E+00    0.655482812524E-02   -0.100655482813E+01
    0.114999999980E+00    0.667135824146E-02   -0.100667135824E+01
    0.115999999980E+00    0.678894253519E-02   -0.100678894254E+01
    0.116999999979E+00    0.690758197586E-02   -0.100690758198E+01
    0.117999999979E+00    0.702727754211E-02   -0.100702727754E+01
    0.118999999978E+00    0.714803022180E-02   -0.100714803022E+01
    0.119999999978E+00    0.726984101207E-02   -0.100726984101E+01
    0.120999999977E+00    0.739271091930E-02   -0.100739271092E+01
    0.121999999976E+00    0.751664095922E-02   -0.100751664096E+01
    0.122999999976E+00    0.764163215686E-02   -0.100764163216E+01
    0.123999999975E+00    0.776768554659E-02   -0.100776768555E+01
    0.124999999975E+00    0.789480217218E-02   -0.100789480217E+01
    0.125999999974E+00    0.802298308676E-02   -0.100802298309E+01
    0.126999999974E+00    0.815222935290E-02   -0.100815222935E+01
    0.127999999973E+00    0.828254204261E-02   -0.100828254204E+01
    0.128999999973E+00    0.841392223738E-02   -0.100841392224E+01
    0.129999999972E+00    0.854637102817E-02   -0.100854637103E+01
    0.130999999972E+00    0.867988951546E-02   -0.100867988952E+01
    0.131999999971E+00    0.881447880929E-02   -0.100881447881E+01
    0.132999999971E+00    0.895014002925E-02   -0.100895014003E+01
    0.133999999970E+00    0.908687430452E-02   -0.100908687430E+01
    0.134999999970E+00    0.922468277390E-02   -0.100922468277E+01
    0.135999999969E+00    0.936356658586E-02   -0.100936356659E+01
    0.136999999969E+00    0.950352689851E-02   -0.100950352690E+01
    0.137999999968E+00    0.964456487967E-02   -0.100964456488E+01
    0.138999999968E+00    0.978668170687E-02   -0.100978668171E+01
    0.139999999967E+00    0.992987856741E-02   -0.100992987857E+01
    0.140999999966E+00    0.100741566584E-01   -0.101007415666E+01
    0.141999999966E+00    0.102195171866E-01   -0.101021951719E+01
    0.142999999965E+00    0.103659613688E-01   -0.101036596137E+01
    0.143999999965E+00    0.105134904315E-01   -0.101051349043E+01
    0.144999999964E+00    0.106621056113E-01   -0.101066210561E+01
    0.145999999964E+00    0.108118081544E-01   -0.101081180815E+01
    0.146999999963E+00    0.109625993173E-01   -0.101096259932E+01
    0.147999999963E+00    0.111144803661E-01   -0.101111448037E+01
    0.148999999962E+00    0.112674525773E-01   -0.101126745258E+01
    0.149999999962E+00    0.114215172370E-01   -0.101142151724E+01
    0.150999999961E+00    0.115766756418E-01   -0.101157667564E+01
    0.151999999961E+00    0.117329290981E-01   -0.101173292910E+01
    0.152999999960E+00    0.118902789225E-01   -0.101189027892E+01
    0.153999999960E+00    0.120487264418E-01   -0.101204872644E+01
    0.154999999959E+00    0.122082729930E-01   -0.101220827299E+01
    0.155999999959E+00    0.123689199232E-01   -0.101236891992E+01
    0.156999999958E+00    0.125306685898E-01   -0.101253066859E+01
    0.157999999958E+00    0.126935203605E-01   -0.101269352036E+01
    0.158999999957E+00    0.128574766134E-01   -0.101285747661E+01
    0.159999999956E+00    0.130225387367E-01   -0.101302253874E+01
    0.160999999956E+00    0.131887081293E-01   -0.101318870813E+01
    0.161999999955E+00    0.133559862002E-01   -0.101335598620E+01
    0.162999999955E+00    0.135243743691E-01   -0.101352437437E+01
    0.163999999954E+00    0.136938740659E-01   -0.101369387407E+01
    0.164999999954E+00    0.138644867313E-01   -0.101386448673E+01
    0.165999999953E+00    0.140362138163E-01   -0.101403621382E+01
    0.166999999953E+00    0.142090567826E-01   -0.101420905678E+01
    0.167999999952E+00    0.143830171025E-01   -0.101438301710E+01
    0.168999999952E+00    0.145580962589E-01   -0.101455809626E+01
    0.169999999951E+00    0.147342957454E-01   -0.101473429575E+01
    0.170999999951E+00    0.149116170665E-01   -0.101491161707E+01
    0.171999999950E+00    0.150900617371E-01   -0.101509006174E+01
    0.172999999950E+00    0.152696312831E-01   -0.101526963128E+01
    0.173999999949E+00    0.154503272411E-01   -0.101545032724E+01
    0.174999999949E+00    0.156321511589E-01   -0.101563215116E+01
    0.175999999948E+00    0.158151045947E-01   -0.101581510459E+01
    0.176999999948E+00    0.159991891180E-01   -0.101599918912E+01
    0.177999999947E+00    0.161844063092E-01   -0.101618440631E+01
    0.178999999946E+00    0.163707577595E-01   -0.101637075776E+01
    0.179999999946E+00    0.165582450713E-01   -0.101655824507E+01
    0.180999999945E+00    0.167468698583E-01   -0.101674686986E+01
    0.181999999945E+00    0.169366337449E-01   -0.101693663374E+01
    0.182999999944E+00    0.171275383669E-01   -0.101712753837E+01
    0.183999999944E+00    0.173195853713E-01   -0.101731958537E+01
    0.184999999943E+00    0.175127764164E-01   -0.101751277642E+01
    0.185999999943E+00    0.177071131716E-01   -0.101770711317E+01
    0.186999999942E+00    0.179025973177E-01   -0.101790259732E+01
    0.187999999942E+00    0.180992305469E-01   -0.101809923055E+01
    0.188999999941E+00    0.182970145628E-01   -0.101829701456E+01
    0.189999999941E+00    0.184959510804E-01   -0.101849595108E+01
    0.190999999940E+00    0.186960418262E-01   -0.101869604183E+01
    0.191999999940E+00    0.188972885382E-01   -0.101889728854E+01
    0.192999999939E+00    0.190996929660E-01   -0.101909969297E+01
    0.193999999939E+00    0.193032568709E-01   -0.101930325687E+01
    0.194999999938E+00    0.195079820256E-01   -0.101950798203E+01
    0.195999999937E+00    0.197138702148E-01   -0.101971387021E+01
    0.196999999937E+00    0.199209232348E-01   -0.101992092323E+01
    0.197999999936E+00    0.201291428936E-01   -0.102012914289E+01
    0.198999999936E+00    0.203385310111E-01   -0.102033853101E+01
    0.199999999935E+00    0.205490894191E-01   -0.102054908942E+01
    0.200999999935E+00    0.207608199613E-01   -0.102076081996E+01
    0.201999999934E+00    0.209737244934E-01   -0.102097372449E+01
    0.202999999934E+00    0.211878048830E-01   -0.102118780488E+01
    0.203999999933E+00    0.214030630099E-01   -0.102140306301E+01
    0.204999999933E+00    0.216195007659E-01   -0.102161950077E+01
    0.205999999932E+00    0.218371200549E-01   -0.102183712005E+01
    0.206999999932E+00    0.220559227931E-01   -0.102205592279E+01
    0.207999999931E+00    0.222759109089E-01   -0.102227591091E+01
    0.208999999931E+00    0.224970863430E-01   -0.102249708634E+01
    0.209999999930E+00    0.227194510485E-01   -0.102271945105E+01
    0.210999999930E+00    0.229430069906E-01   -0.102294300699E+01
    0.211999999929E+00    0.231677561474E-01   -0.102316775615E+01
    0.212999999929E+00    0.233937005090E-01   -0.102339370051E+01
    0.213999999928E+00    0.236208420785E-01   -0.102362084208E+01
    0.214999999927E+00    0.238491828711E-01   -0.102384918287E+01
    0.215999999927E+00    0.240787249150E-01   -0.102407872491E+01
    0.216999999926E+00    0.243094702510E-01   -0.102430947025E+01
    0.217999999926E+00    0.245414209324E-01   -0.102454142093E+01
    0.218999999925E+00    0.247745790257E-01   -0.102477457903E+01
    0.219999999925E+00    0.250089466100E-01   -0.102500894661E+01
    0.220999999924E+00    0.252445257771E-01   -0.102524452578E+01
    0.221999999924E+00    0.254813186321E-01   -0.102548131863E+01
    0.222999999923E+00    0.257193272930E-01   -0.102571932729E+01
    0.223999999923E+00    0.259585538906E-01   -0.102595855389E+01
    0.224999999922E+00    0.261990005692E-01   -0.102619900057E+01
    0.225999999922E+00    0.264406694859E-01   -0.102644066949E+01
    0.226999999921E+00    0.266835628112E-01   -0.102668356281E+01
    0.227999999921E+00    0.269276827290E-01   -0.102692768273E+01
    0.228999999920E+00    0.271730314361E-01   -0.102717303144E+01
    0.229999999920E+00    0.274196111430E-01   -0.102741961114E+01
    0.230999999919E+00    0.276674240737E-01   -0.102766742407E+01
    0.231999999919E+00    0.279164724655E-01   -0.102791647247E+01
    0.232999999918E+00    0.281667585692E-01   -0.102816675857E+01
    0.233999999917E+00    0.284182846494E-01   -0.102841828465E+01
    0.234999999917E+00    0.286710529843E-01   -0.102867105298E+01
    0.235999999916E+00    0.289250658657E-01   -0.102892506587E+01
    0.236999999916E+00    0.291803255995E-01   -0.102918032560E+01
    0.237999999915E+00    0.294368345050E-01   -0.102943683450E+01
    0.238999999915E+00    0.296945949157E-01   -0.102969459492E+01
    0.239999999914E+00    0.299536091790E-01   -0.102995360918E+01
    0.240999999914E+00    0.302138796563E-01   -0.103021387966E+01
    0.241999999913E+00    0.304754087231E-01   -0.103047540872E+01
    0.242999999913E+00    0.307381987691E-01   -0.103073819877E+01
    0.243999999912E+00    0.310022521980E-01   -0.103100225220E+01
    0.244999999912E+00    0.312675714281E-01   -0.103126757143E+01
    0.245999999911E+00    0.315341588917E-01   -0.103153415889E+01
    0.246999999911E+00    0.318020170357E-01   -0.103180201704E+01
    0.247999999910E+00    0.320711483214E-01   -0.103207114832E+01
    0.248999999910E+00    0.323415552246E-01   -0.103234155522E+01
    0.249999999909E+00    0.326132402358E-01   -0.103261324024E+01
    0.250999999909E+00    0.328862058601E-01   -0.103288620586E+01
    0.251999999908E+00    0.331604546171E-01   -0.103316045462E+01
    0.252999999907E+00    0.334359890417E-01   -0.103343598904E+01
    0.253999999907E+00    0.337128116830E-01   -0.103371281168E+01
    0.254999999906E+00    0.339909251056E-01   -0.103399092511E+01
    0.255999999906E+00    0.342703318888E-01   -0.103427033189E+01
    0.256999999905E+00    0.345510346270E-01   -0.103455103463E+01
    0.257999999905E+00    0.348330359297E-01   -0.103483303593E+01
    0.258999999904E+00    0.351163384218E-01   -0.103511633842E+01
    0.259999999904E+00    0.354009447430E-01   -0.103540094474E+01
    0.260999999903E+00    0.356868575489E-01   -0.103568685755E+01
    0.261999999903E+00    0.359740795102E-01   -0.103597407951E+01
    0.262999999902E+00    0.362626133131E-01   -0.103626261331E+01
    0.263999999902E+00    0.365524616594E-01   -0.103655246166E+01
    0.264999999901E+00    0.368436272665E-01   -0.103684362727E+01
    0.265999999901E+00    0.371361128675E-01   -0.103713611287E+01
    0.266999999900E+00    0.374299212114E-01   -0.103742992121E+01
    0.267999999900E+00    0.377250550627E-01   -0.103772505506E+01
    0.268999999899E+00    0.380215172022E-01   -0.103802151720E+01
    0.269999999899E+00    0.383193104265E-01   -0.103831931043E+01
    0.270999999898E+00    0.386184375483E-01   -0.103861843755E+01
    0.271999999897E+00    0.389189013966E-01   -0.103891890140E+01
    0.272999999897E+00    0.392207048163E-01   -0.103922070482E+01
    0.273999999896E+00    0.395238506689E-01   -0.103952385067E+01
    0.274999999896E+00    0.398283418322E-01   -0.103982834183E+01
    0.275999999895E+00    0.401341812004E-01   -0.104013418120E+01
    0.276999999895E+00    0.404413716843E-01   -0.104044137168E+01
    0.277999999894E+00    0.407499162113E-01   -0.104074991621E+01
    0.278999999894E+00    0.410598177255E-01   -0.104105981773E+01
    0.279999999893E+00    0.413710791878E-01   -0.104137107919E+01
    0.280999999893E+00    0.416837035759E-01   -0.104168370358E+01
    0.281999999892E+00    0.419976938845E-01   -0.104199769388E+01
    0.282999999892E+00    0.423130531254E-01   -0.104231305313E+01
    0.283999999891E+00    0.426297843274E-01   -0.104262978433E+01
    0.284999999891E+00    0.429478905366E-01   -0.104294789054E+01
    0.285999999890E+00    0.432673748161E-01   -0.104326737482E+01
    0.286999999890E+00    0.435882402469E-01   -0.104358824025E+01
    0.287999999889E+00    0.439104899269E-01   -0.104391048993E+01
    0.288999999889E+00    0.442341269719E-01   -0.104423412697E+01
    0.289999999888E+00    0.445591545152E-01   -0.104455915452E+01
    0.290999999887E+00    0.448855757079E-01   -0.104488557571E+01
    0.291999999887E+00    0.452133937187E-01   -0.104521339372E+01
    0.292999999886E+00    0.455426117344E-01   -0.104554261173E+01
    0.293999999886E+00    0.458732329597E-01   -0.104587323296E+01
    0.294999999885E+00    0.462052606175E-01   -0.104620526062E+01
    0.295999999885E+00    0.465386979486E-01   -0.104653869795E+01
    0.296999999884E+00    0.468735482123E-01   -0.104687354821E+01
    0.297999999884E+00    0.472098146863E-01   -0.104720981469E+01
    0.298999999883E+00    0.475475006664E-01   -0.104754750067E+01
    0.299999999883E+00    0.478866094673E-01   -0.104788660947E+01
    0.300999999882E+00    0.482271444222E-01   -0.104822714442E+01
    0.301999999882E+00    0.485691088830E-01   -0.104856910888E+01
    0.302999999881E+00    0.489125062205E-01   -0.104891250622E+01
    0.303999999881E+00    0.492573398244E-01   -0.104925733982E+01
    0.304999999880E+00    0.496036131034E-01   -0.104960361310E+01
    0.305999999880E+00    0.499513294852E-01   -0.104995132949E+01
    0.306999999879E+00    0.503004924171E-01   -0.105030049242E+01
    0.307999999879E+00    0.506511053653E-01   -0.105065110537E+01
    0.308999999878E+00    0.510031718157E-01   -0.105100317182E+01
    0.309999999877E+00    0.513566952735E-01   -0.105135669527E+01
    0.310999999877E+00    0.517116792638E-01   -0.105171167926E+01
    0.311999999876E+00    0.520681273312E-01   -0.105206812733E+01
    0.312999999876E+00    0.524260430402E-01   -0.105242604304E+01
    0.313999999875E+00    0.527854299753E-01   -0.105278542998E+01
    0.314999999875E+00    0.531462917410E-01   -0.105314629174E+01
    0.315999999874E+00    0.535086319619E-01   -0.105350863196E+01
    0.316999999874E+00    0.538724542829E-01   -0.105387245428E+01
    0.317999999873E+00    0.542377623694E-01   -0.105423776237E+01
    0.318999999873E+00    0.546045599070E-01   -0.105460455991E+01
    0.319999999872E+00    0.549728506022E-01   -0.105497285060E+01
    0.320999999872E+00    0.553426381818E-01   -0.105534263818E+01
    0.321999999871E+00    0.557139263938E-01   -0.105571392639E+01
    0.322999999871E+00    0.560867190069E-01   -0.105608671901E+01
    0.323999999870E+00    0.564610198109E-01   -0.105646101981E+01
    0.324999999870E+00    0.568368326167E-01   -0.105683683262E+01
    0.325999999869E+00    0.572141612564E-01   -0.105721416126E+01
    0.326999999869E+00    0.575930095838E-01   -0.105759300958E+01
    0.327999999868E+00    0.579733814737E-01   -0.105797338147E+01
    0.328999999867E+00    0.583552808229E-01   -0.105835528082E+01
    0.329999999867E+00    0.587387115498E-01   -0.105873871155E+01
    0.330999999866E+00    0.591236775946E-01   -0.105912367759E+01
    0.331999999866E+00    0.595101829194E-01   -0.105951018292E+01
    0.332999999865E+00    0.598982315087E-01   -0.105989823151E+01
    0.333999999865E+00    0.602878273688E-01   -0.106028782737E+01
    0.334999999864E+00    0.606789745287E-01   -0.106067897453E+01
    0.335999999864E+00    0.610716770396E-01   -0.106107167704E+01
    0.336999999863E+00    0.614659389753E-01   -0.106146593898E+01
    0.337999999863E+00    0.618617644325E-01   -0.106186176443E+01
    0.338999999862E+00    0.622591575305E-01   -0.106225915753E+01
    0.339999999862E+00    0.626581224118E-01   -0.106265812241E+01
    0.340999999861E+00    0.630586632417E-01   -0.106305866324E+01
    0.341999999861E+00    0.634607842090E-01   -0.106346078421E+01
    0.342999999860E+00    0.638644895257E-01   -0.106386448953E+01
    0.343999999860E+00    0.642697834272E-01   -0.106426978343E+01
    0.344999999859E+00    0.646766701728E-01   -0.106467667017E+01
    0.345999999859E+00    0.650851540453E-01   -0.106508515405E+01
    0.346999999858E+00    0.654952393514E-01   -0.106549523935E+01
    0.347999999857E+00    0.659069304220E-01   -0.106590693042E+01
    0.348999999857E+00    0.663202316118E-01   -0.106632023161E+01
    0.349999999856E+00    0.667351473002E-01   -0.106673514730E+01
    0.350999999856E+00    0.671516818908E-01   -0.106715168189E+01
    0.351999999855E+00    0.675698398119E-01   -0.106756983981E+01
    0.352999999855E+00    0.679896255163E-01   -0.106798962552E+01
    0.353999999854E+00    0.684110434818E-01   -0.106841104348E+01
    0.354999999854E+00    0.688340982113E-01   -0.106883409821E+01
    0.355999999853E+00    0.692587942326E-01   -0.106925879423E+01
    0.356999999853E+00    0.696851360990E-01   -0.106968513610E+01
    0.357999999852E+00    0.701131283891E-01   -0.107011312839E+01
    0.358999999852E+00    0.705427757072E-01   -0.107054277571E+01
    0.359999999851E+00    0.709740826832E-01   -0.107097408268E+01
    0.360999999851E+00    0.714070539730E-01   -0.107140705397E+01
    0.361999999850E+00    0.718416942585E-01   -0.107184169426E+01
    0.362999999850E+00    0.722780082477E-01   -0.107227800825E+01
    0.363999999849E+00    0.727160006750E-01   -0.107271600068E+01
    0.364999999849E+00    0.731556763014E-01   -0.107315567630E+01
    0.365999999848E+00    0.735970399143E-01   -0.107359703991E+01
    0.366999999847E+00    0.740400963282E-01   -0.107404009633E+01
    0.367999999847E+00    0.744848503843E-01   -0.107448485038E+01
    0.368999999846E+00    0.749313069512E-01   -0.107493130695E+01
    0.369999999846E+00    0.753794709245E-01   -0.107537947092E+01
    0.370999999845E+00    0.758293472274E-01   -0.107582934723E+01
    0.371999999845E+00    0.762809408108E-01   -0.107628094081E+01
    0.372999999844E+00    0.767342566532E-01   -0.107673425665E+01
    0.373999999844E+00    0.771892997611E-01   -0.107718929976E+01
    0.374999999843E+00    0.776460751692E-01   -0.107764607517E+01
    0.375999999843E+00    0.781045879404E-01   -0.107810458794E+01
    0.376999999842E+00    0.785648431660E-01   -0.107856484317E+01
    0.377999999842E+00    0.790268459661E-01   -0.107902684597E+01
    0.378999999841E+00    0.794906014894E-01   -0.107949060149E+01
    0.379999999841E+00    0.799561149137E-01   -0.107995611491E+01
    0.380999999840E+00    0.804233914459E-01   -0.108042339145E+01
    0.381999999840E+00    0.808924363222E-01   -0.108089243632E+01
    0.382999999839E+00    0.813632548084E-01   -0.108136325481E+01
    0.383999999839E+00    0.818358521997E-01   -0.108183585220E+01
    0.384999999838E+00    0.823102338216E-01   -0.108231023382E+01
    0.385999999837E+00    0.827864050293E-01   -0.108278640503E+01
    0.386999999837E+00    0.832643712084E-01   -0.108326437121E+01
    0.387999999836E+00    0.837441377749E-01   -0.108374413777E+01
    0.388999999836E+00    0.842257101752E-01   -0.108422571018E+01
    0.389999999835E+00    0.847090938868E-01   -0.108470909389E+01
    0.390999999835E+00    0.851942944180E-01   -0.108519429442E+01
    0.391999999834E+00    0.856813173084E-01   -0.108568131731E+01
    0.392999999834E+00    0.861701681287E-01   -0.108617016813E+01
    0.393999999833E+00    0.866608524815E-01   -0.108666085248E+01
    0.394999999833E+00    0.871533760010E-01   -0.108715337600E+01
    0.395999999832E+00    0.876477443533E-01   -0.108764774435E+01
    0.396999999832E+00    0.881439632367E-01   -0.108814396324E+01
    0.397999999831E+00    0.886420383820E-01   -0.108864203838E+01
    0.398999999831E+00    0.891419755523E-01   -0.108914197555E+01
    0.399999999830E+00    0.896437805438E-01   -0.108964378054E+01
    0.400999999830E+00    0.901474591853E-01   -0.109014745919E+01
    0.401999999829E+00    0.906530173391E-01   -0.109065301734E+01
    0.402999999829E+00    0.911604609007E-01   -0.109116046090E+01
    0.403999999828E+00    0.916697957992E-01   -0.109166979580E+01
    0.404999999827E+00    0.921810279977E-01   -0.109218102800E+01
    0.405999999827E+00    0.926941634932E-01   -0.109269416349E+01
    0.406999999826E+00    0.932092083168E-01   -0.109320920832E+01
    0.407999999826E+00    0.937261685344E-01   -0.109372616853E+01
    0.408999999825E+00    0.942450502464E-01   -0.109424505025E+01
    0.409999999825E+00    0.947658595880E-01   -0.109476585959E+01
    0.410999999824E+00    0.952886027297E-01   -0.109528860273E+01
    0.411999999824E+00    0.958132858774E-01   -0.109581328588E+01
    0.412999999823E+00    0.963399152724E-01   -0.109633991527E+01
    0.413999999823E+00    0.968684971920E-01   -0.109686849719E+01
    0.414999999822E+00    0.973990379494E-01   -0.109739903795E+01
    0.415999999822E+00    0.979315438941E-01   -0.109793154389E+01
    0.416999999821E+00    0.984660214123E-01   -0.109846602141E+01
    0.417999999821E+00    0.990024769267E-01   -0.109900247693E+01
    0.418999999820E+00    0.995409168971E-01   -0.109954091690E+01
    0.419999999820E+00    0.100081347821E+00   -0.110008134782E+01
    0.420999999819E+00    0.100623776232E+00   -0.110062377623E+01
    0.421999999819E+00    0.101168208703E+00   -0.110116820870E+01
    0.422999999818E+00    0.101714651844E+00   -0.110171465184E+01
    0.423999999817E+00    0.102263112303E+00   -0.110226311230E+01
    0.424999999817E+00    0.102813596768E+00   -0.110281359677E+01
    0.425999999816E+00    0.103366111964E+00   -0.110336611196E+01
    0.426999999816E+00    0.103920664656E+00   -0.110392066466E+01
    0.427999999815E+00    0.104477261647E+00   -0.110447726165E+01
    0.428999999815E+00    0.105035909781E+00   -0.110503590978E+01
    0.429999999814E+00    0.105596615941E+00   -0.110559661594E+01
    0.430999999814E+00    0.106159387050E+00   -0.110615938705E+01
    0.431999999813E+00    0.106724230072E+00   -0.110672423007E+01
    0.432999999813E+00    0.107291152010E+00   -0.110729115201E+01
    0.433999999812E+00    0.107860159909E+00   -0.110786015991E+01
    0.434999999812E+00    0.108431260856E+00   -0.110843126086E+01
    0.435999999811E+00    0.109004461978E+00   -0.110900446198E+01
    0.436999999811E+00    0.109579770443E+00   -0.110957977044E+01
    0.437999999810E+00    0.110157193462E+00   -0.111015719346E+01
    0.438999999810E+00    0.110736738290E+00   -0.111073673829E+01
    0.439999999809E+00    0.111318412220E+00   -0.111131841222E+01
    0.440999999809E+00    0.111902222593E+00   -0.111190222259E+01
    0.441999999808E+00    0.112488176789E+00   -0.111248817679E+01
    0.442999999807E+00    0.113076282233E+00   -0.111307628223E+01
    0.443999999807E+00    0.113666546394E+00   -0.111366654639E+01
    0.444999999806E+00    0.114258976784E+00   -0.111425897678E+01
    0.445999999806E+00    0.114853580961E+00   -0.111485358096E+01
    0.446999999805E+00    0.115450366526E+00   -0.111545036653E+01
    0.447999999805E+00    0.116049341125E+00   -0.111604934113E+01
    0.448999999804E+00    0.116650512450E+00   -0.111665051245E+01
    0.449999999804E+00    0.117253888237E+00   -0.111725388824E+01
    0.450999999803E+00    0.117859476270E+00   -0.111785947627E+01
    0.451999999803E+00    0.118467284378E+00   -0.111846728438E+01
    0.452999999802E+00    0.119077320435E+00   -0.111907732044E+01
    0.453999999802E+00    0.119689592365E+00   -0.111968959237E+01
    0.454999999801E+00    0.120304108137E+00   -0.112030410814E+01
    0.455999999801E+00    0.120920875766E+00   -0.112092087577E+01
    0.456999999800E+00    0.121539903319E+00   -0.112153990332E+01
    0.457999999800E+00    0.122161198907E+00   -0.112216119891E+01
    0.458999999799E+00    0.122784770692E+00   -0.112278477069E+01
    0.459999999799E+00    0.123410626883E+00   -0.112341062688E+01
    0.460999999798E+00    0.124038775739E+00   -0.112403877574E+01
    0.461999999797E+00    0.124669225569E+00   -0.112466922557E+01
    0.462999999797E+00    0.125301984731E+00   -0.112530198473E+01
    0.463999999796E+00    0.125937061633E+00   -0.112593706163E+01
    0.464999999796E+00    0.126574464734E+00   -0.112657446473E+01
    0.465999999795E+00    0.127214202544E+00   -0.112721420254E+01
    0.466999999795E+00    0.127856283624E+00   -0.112785628362E+01
    0.467999999794E+00    0.128500716586E+00   -0.112850071659E+01
    0.468999999794E+00    0.129147510095E+00   -0.112914751010E+01
    0.469999999793E+00    0.129796672869E+00   -0.112979667287E+01
    0.470999999793E+00    0.130448213675E+00   -0.113044821368E+01
    0.471999999792E+00    0.131102141338E+00   -0.113110214134E+01
    0.472999999792E+00    0.131758464733E+00   -0.113175846473E+01
    0.473999999791E+00    0.132417192790E+00   -0.113241719279E+01
    0.474999999791E+00    0.133078334493E+00   -0.113307833449E+01
    0.475999999790E+00    0.133741898883E+00   -0.113374189888E+01
    0.476999999790E+00    0.134407895051E+00   -0.113440789505E+01
    0.477999999789E+00    0.135076332148E+00   -0.113507633215E+01
    0.478999999789E+00    0.135747219378E+00   -0.113574721938E+01
    0.479999999788E+00    0.136420566004E+00   -0.113642056600E+01
    0.480999999787E+00    0.137096381343E+00   -0.113709638134E+01
    0.481999999787E+00    0.137774674770E+00   -0.113777467477E+01
    0.482999999786E+00    0.138455455718E+00   -0.113845545572E+01
    0.483999999786E+00    0.139138733677E+00   -0.113913873368E+01
    0.484999999785E+00    0.139824518197E+00   -0.113982451820E+01
    0.485999999785E+00    0.140512818883E+00   -0.114051281888E+01
    0.486999999784E+00    0.141203645404E+00   -0.114120364540E+01
    0.487999999784E+00    0.141897007486E+00   -0.114189700749E+01
    0.488999999783E+00    0.142592914914E+00   -0.114259291491E+01
    0.489999999783E+00    0.143291377536E+00   -0.114329137754E+01
    0.490999999782E+00    0.143992405259E+00   -0.114399240526E+01
    0.491999999782E+00    0.144696008053E+00   -0.114469600805E+01
    0.492999999781E+00    0.145402195949E+00   -0.114540219595E+01
    0.493999999781E+00    0.146110979040E+00   -0.114611097904E+01
    0.494999999780E+00    0.146822367482E+00   -0.114682236748E+01
    0.495999999780E+00    0.147536371495E+00   -0.114753637149E+01
    0.496999999779E+00    0.148253001361E+00   -0.114825300136E+01
    0.497999999779E+00    0.148972267428E+00   -0.114897226743E+01
    0.498999999778E+00    0.149694180109E+00   -0.114969418011E+01
    0.499999999777E+00    0.150418749880E+00   -0.115041874988E+01
    0.500999999783E+00    0.151145987283E+00   -0.115114598728E+01
    0.501999999788E+00    0.151875902929E+00   -0.115187590293E+01
    0.502999999793E+00    0.152608507493E+00   -0.115260850749E+01
    0.503999999798E+00    0.153343811717E+00   -0.115334381172E+01
    0.504999999803E+00    0.154081826412E+00   -0.115408182641E+01
    0.505999999808E+00    0.154822562457E+00   -0.115482256246E+01
    0.506999999813E+00    0.155566030799E+00   -0.115556603080E+01
    0.507999999818E+00    0.156312242455E+00   -0.115631224246E+01
    0.508999999823E+00    0.157061208511E+00   -0.115706120851E+01
    0.509999999828E+00    0.157812940124E+00   -0.115781294012E+01
    0.510999999833E+00    0.158567448522E+00   -0.115856744852E+01
    0.511999999838E+00    0.159324745003E+00   -0.115932474500E+01
    0.512999999843E+00    0.160084840938E+00   -0.116008484094E+01
    0.513999999848E+00    0.160847747771E+00   -0.116084774777E+01
    0.514999999853E+00    0.161613477018E+00   -0.116161347702E+01
    0.515999999858E+00    0.162382040269E+00   -0.116238204027E+01
    0.516999999863E+00    0.163153449189E+00   -0.116315344919E+01
    0.517999999868E+00    0.163927715516E+00   -0.116392771552E+01
    0.518999999873E+00    0.164704851065E+00   -0.116470485107E+01
    0.519999999878E+00    0.165484867726E+00   -0.116548486773E+01
    0.520999999883E+00    0.166267777466E+00   -0.116626777747E+01
    0.521999999888E+00    0.167053592329E+00   -0.116705359233E+01
    0.522999999893E+00    0.167842324437E+00   -0.116784232444E+01
    0.523999999898E+00    0.168633985989E+00   -0.116863398599E+01
    0.524999999903E+00    0.169428589265E+00   -0.116942858927E+01
    0.525999999908E+00    0.170226146624E+00   -0.117022614662E+01
    0.526999999913E+00    0.171026670504E+00   -0.117102667050E+01
    0.527999999918E+00    0.171830173424E+00   -0.117183017342E+01
    0.528999999923E+00    0.172636667988E+00   -0.117263666799E+01
    0.529999999928E+00    0.173446166876E+00   -0.117344616688E+01
    0.530999999933E+00    0.174258682857E+00   -0.117425868286E+01
    0.531999999938E+00    0.175074228779E+00   -0.117507422878E+01
    0.532999999943E+00    0.175892817576E+00   -0.117589281758E+01
    0.533999999948E+00    0.176714462267E+00   -0.117671446227E+01
    0.534999999953E+00    0.177539175956E+00   -0.117753917596E+01
    0.535999999958E+00    0.178366971833E+00   -0.117836697183E+01
    0.536999999963E+00    0.179197863175E+00   -0.117919786318E+01
    0.537999999968E+00    0.180031863347E+00   -0.118003186335E+01
    0.538999999973E+00    0.180868985802E+00   -0.118086898580E+01
    0.539999999978E+00    0.181709244082E+00   -0.118170924408E+01
    0.540999999984E+00    0.182552651819E+00   -0.118255265182E+01
    0.541999999989E+00    0.183399222734E+00   -0.118339922273E+01
    0.542999999994E+00    0.184248970641E+00   -0.118424897064E+01
    0.543999999999E+00    0.185101909445E+00   -0.118510190945E+01
    0.545000000004E+00    0.185958053145E+00   -0.118595805314E+01
    0.546000000009E+00    0.186817415830E+00   -0.118681741583E+01
    0.547000000014E+00    0.187680011688E+00   -0.118768001169E+01
    0.548000000019E+00    0.188545854999E+00   -0.118854585500E+01
    0.549000000024E+00    0.189414960139E+00   -0.118941496014E+01
    0.550000000029E+00    0.190287341580E+00   -0.119028734158E+01
    0.551000000034E+00    0.191163013894E+00   -0.119116301389E+01
    0.552000000039E+00    0.192041991747E+00   -0.119204199175E+01
    0.553000000044E+00    0.192924289909E+00   -0.119292428991E+01
    0.554000000049E+00    0.193809923246E+00   -0.119380992325E+01
    0.555000000054E+00    0.194698906725E+00   -0.119469890673E+01
    0.556000000059E+00    0.195591255416E+00   -0.119559125542E+01
    0.557000000064E+00    0.196486984491E+00   -0.119648698449E+01
    0.558000000069E+00    0.197386109224E+00   -0.119738610922E+01
    0.559000000074E+00    0.198288644994E+00   -0.119828864499E+01
    0.560000000079E+00    0.199194607286E+00   -0.119919460729E+01
    0.561000000084E+00    0.200104011687E+00   -0.120010401169E+01
    0.562000000089E+00    0.201016873895E+00   -0.120101687390E+01
    0.563000000094E+00    0.201933209714E+00   -0.120193320971E+01
    0.564000000099E+00    0.202853035055E+00   -0.120285303506E+01
    0.565000000104E+00    0.203776365941E+00   -0.120377636594E+01
    0.566000000109E+00    0.204703218503E+00   -0.120470321850E+01
    0.567000000114E+00    0.205633608986E+00   -0.120563360899E+01
    0.568000000119E+00    0.206567553744E+00   -0.120656755374E+01
    0.569000000124E+00    0.207505069248E+00   -0.120750506925E+01
    0.570000000129E+00    0.208446172079E+00   -0.120844617208E+01
    0.571000000134E+00    0.209390878936E+00   -0.120939087894E+01
    0.572000000139E+00    0.210339206634E+00   -0.121033920663E+01
    0.573000000144E+00    0.211291172104E+00   -0.121129117210E+01
    0.574000000149E+00    0.212246792396E+00   -0.121224679240E+01
    0.575000000154E+00    0.213206084679E+00   -0.121320608468E+01
    0.576000000159E+00    0.214169066242E+00   -0.121416906624E+01
    0.577000000164E+00    0.215135754495E+00   -0.121513575450E+01
    0.578000000169E+00    0.216106166973E+00   -0.121610616697E+01
    0.579000000174E+00    0.217080321330E+00   -0.121708032133E+01
    0.580000000179E+00    0.218058235348E+00   -0.121805823535E+01
    0.581000000184E+00    0.219039926932E+00   -0.121903992693E+01
    0.582000000190E+00    0.220025414117E+00   -0.122002541412E+01
    0.583000000195E+00    0.221014715062E+00   -0.122101471506E+01
    0.584000000200E+00    0.222007848057E+00   -0.122200784806E+01
    0.585000000205E+00    0.223004831523E+00   -0.122300483152E+01
    0.586000000210E+00    0.224005684009E+00   -0.122400568401E+01
    0.587000000215E+00    0.225010424200E+00   -0.122501042420E+01
    0.588000000220E+00    0.226019070912E+00   -0.122601907091E+01
    0.589000000225E+00    0.227031643097E+00   -0.122703164310E+01
    0.590000000230E+00    0.228048159842E+00   -0.122804815984E+01
    0.591000000235E+00    0.229068640372E+00   -0.122906864037E+01
    0.592000000240E+00    0.230093104050E+00   -0.123009310405E+01
    0.593000000245E+00    0.231121570380E+00   -0.123112157038E+01
    0.594000000250E+00    0.232154059003E+00   -0.123215405900E+01
    0.595000000255E+00    0.233190589707E+00   -0.123319058971E+01
    0.596000000260E+00    0.234231182420E+00   -0.123423118242E+01
    0.597000000265E+00    0.235275857217E+00   -0.123527585722E+01
    0.598000000270E+00    0.236324634316E+00   -0.123632463432E+01
    0.599000000275E+00    0.237377534086E+00   -0.123737753409E+01
    0.600000000280E+00    0.238434577042E+00   -0.123843457704E+01
    0.601000000285E+00    0.239495783851E+00   -0.123949578385E+01
    0.602000000290E+00    0.240561175329E+00   -0.124056117533E+01
    0.603000000295E+00    0.241630772447E+00   -0.124163077245E+01
    0.604000000300E+00    0.242704596331E+00   -0.124270459633E+01
    0.605000000305E+00    0.243782668259E+00   -0.124378266826E+01
    0.606000000310E+00    0.244865009669E+00   -0.124486500967E+01
    0.607000000315E+00    0.245951642156E+00   -0.124595164216E+01
    0.608000000320E+00    0.247042587477E+00   -0.124704258748E+01
    0.609000000325E+00    0.248137867549E+00   -0.124813786755E+01
    0.610000000330E+00    0.249237504452E+00   -0.124923750445E+01
    0.611000000335E+00    0.250341520430E+00   -0.125034152043E+01
    0.612000000340E+00    0.251449937894E+00   -0.125144993789E+01
    0.613000000345E+00    0.252562779422E+00   -0.125256277942E+01
    0.614000000350E+00    0.253680067762E+00   -0.125368006776E+01
    0.615000000355E+00    0.254801825832E+00   -0.125480182583E+01
    0.616000000360E+00    0.255928076722E+00   -0.125592807672E+01
    0.617000000365E+00    0.257058843696E+00   -0.125705884370E+01
    0.618000000370E+00    0.258194150195E+00   -0.125819415019E+01
    0.619000000375E+00    0.259334019835E+00   -0.125933401984E+01
    0.620000000380E+00    0.260478476413E+00   -0.126047847641E+01
    0.621000000385E+00    0.261627543906E+00   -0.126162754391E+01
    0.622000000391E+00    0.262781246472E+00   -0.126278124647E+01
    0.623000000396E+00    0.263939608455E+00   -0.126393960846E+01
    0.624000000401E+00    0.265102654384E+00   -0.126510265438E+01
    0.625000000406E+00    0.266270408976E+00   -0.126627040898E+01
    0.626000000411E+00    0.267442897137E+00   -0.126744289714E+01
    0.627000000416E+00    0.268620143964E+00   -0.126862014396E+01
    0.628000000421E+00    0.269802174748E+00   -0.126980217475E+01
    0.629000000426E+00    0.270989014973E+00   -0.127098901497E+01
    0.630000000431E+00    0.272180690324E+00   -0.127218069032E+01
    0.631000000436E+00    0.273377226680E+00   -0.127337722668E+01
    0.632000000441E+00    0.274578650123E+00   -0.127457865012E+01
    0.633000000446E+00    0.275784986938E+00   -0.127578498694E+01
    0.634000000451E+00    0.276996263614E+00   -0.127699626361E+01
    0.635000000456E+00    0.278212506846E+00   -0.127821250685E+01
    0.636000000461E+00    0.279433743539E+00   -0.127943374354E+01
    0.637000000466E+00    0.280660000808E+00   -0.128066000081E+01
    0.638000000471E+00    0.281891305981E+00   -0.128189130598E+01
    0.639000000476E+00    0.283127686601E+00   -0.128312768660E+01
    0.640000000481E+00    0.284369170426E+00   -0.128436917043E+01
    0.641000000486E+00    0.285615785436E+00   -0.128561578544E+01
    0.642000000491E+00    0.286867559832E+00   -0.128686755983E+01
    0.643000000496E+00    0.288124522037E+00   -0.128812452204E+01
    0.644000000501E+00    0.289386700700E+00   -0.128938670070E+01
    0.645000000506E+00    0.290654124699E+00   -0.129065412470E+01
    0.646000000511E+00    0.291926823142E+00   -0.129192682314E+01
    0.647000000516E+00    0.293204825370E+00   -0.129320482537E+01
    0.648000000521E+00    0.294488160957E+00   -0.129448816096E+01
    0.649000000526E+00    0.295776859717E+00   -0.129577685972E+01
    0.650000000531E+00    0.297070951702E+00   -0.129707095170E+01
    0.651000000536E+00    0.298370467206E+00   -0.129837046721E+01
    0.652000000541E+00    0.299675436769E+00   -0.129967543677E+01
    0.653000000546E+00    0.300985891178E+00   -0.130098589118E+01
    0.654000000551E+00    0.302301861468E+00   -0.130230186147E+01
    0.655000000556E+00    0.303623378928E+00   -0.130362337893E+01
    0.656000000561E+00    0.304950475100E+00   -0.130495047510E+01
    0.657000000566E+00    0.306283181785E+00   -0.130628318179E+01
    0.658000000571E+00    0.307621531043E+00   -0.130762153104E+01
    0.659000000576E+00    0.308965555197E+00   -0.130896555520E+01
    0.660000000581E+00    0.310315286836E+00   -0.131031528684E+01
    0.661000000586E+00    0.311670758816E+00   -0.131167075882E+01
    0.662000000591E+00    0.313032004265E+00   -0.131303200427E+01
    0.663000000597E+00    0.314399056584E+00   -0.131439905658E+01
    0.664000000602E+00    0.315771949452E+00   -0.131577194945E+01
    0.665000000607E+00    0.317150716825E+00   -0.131715071683E+01
    0.666000000612E+00    0.318535392944E+00   -0.131853539294E+01
    0.667000000617E+00    0.319926012334E+00   -0.131992601233E+01
    0.668000000622E+00    0.321322609809E+00   -0.132132260981E+01
    0.669000000627E+00    0.322725220474E+00   -0.132272522047E+01
    0.670000000632E+00    0.324133879729E+00   -0.132413387973E+01
    0.671000000637E+00    0.325548623271E+00   -0.132554862327E+01
    0.672000000642E+00    0.326969487100E+00   -0.132696948710E+01
    0.673000000647E+00    0.328396507516E+00   -0.132839650752E+01
    0.674000000652E+00    0.329829721129E+00   -0.132982972113E+01
    0.675000000657E+00    0.331269164861E+00   -0.133126916486E+01
    0.676000000662E+00    0.332714875944E+00   -0.133271487594E+01
    0.677000000667E+00    0.334166891930E+00   -0.133416689193E+01
    0.678000000672E+00    0.335625250690E+00   -0.133562525069E+01
    0.679000000677E+00    0.337089990422E+00   -0.133708999042E+01
    0.680000000682E+00    0.338561149649E+00   -0.133856114965E+01
    0.681000000687E+00    0.340038767225E+00   -0.134003876722E+01
    0.682000000692E+00    0.341522882340E+00   -0.134152288234E+01
    0.683000000697E+00    0.343013534523E+00   -0.134301353452E+01
    0.684000000702E+00    0.344510763643E+00   -0.134451076364E+01
    0.685000000707E+00    0.346014609918E+00   -0.134601460992E+01
    0.686000000712E+00    0.347525113912E+00   -0.134752511391E+01
    0.687000000717E+00    0.349042316545E+00   -0.134904231655E+01
    0.688000000722E+00    0.350566259095E+00   -0.135056625909E+01
    0.689000000727E+00    0.352096983198E+00   -0.135209698320E+01
    0.690000000732E+00    0.353634530859E+00   -0.135363453086E+01
    0.691000000737E+00    0.355178944451E+00   -0.135517894445E+01
    0.692000000742E+00    0.356730266720E+00   -0.135673026672E+01
    0.693000000747E+00    0.358288540791E+00   -0.135828854079E+01
    0.694000000752E+00    0.359853810170E+00   -0.135985381017E+01
    0.695000000757E+00    0.361426118748E+00   -0.136142611875E+01
    0.696000000762E+00    0.363005510810E+00   -0.136300551081E+01
    0.697000000767E+00    0.364592031033E+00   -0.136459203103E+01
    0.698000000772E+00    0.366185724495E+00   -0.136618572450E+01
    0.699000000777E+00    0.367786636677E+00   -0.136778663668E+01
    0.700000000782E+00    0.369394813469E+00   -0.136939481347E+01
    0.701000000787E+00    0.371010301173E+00   -0.137101030117E+01
    0.702000000792E+00    0.372633146512E+00   -0.137263314651E+01
    0.703000000798E+00    0.374263396628E+00   -0.137426339663E+01
    0.704000000803E+00    0.375901099094E+00   -0.137590109909E+01
    0.705000000808E+00    0.377546301911E+00   -0.137754630191E+01
    0.706000000813E+00    0.379199053523E+00   -0.137919905352E+01
    0.707000000818E+00    0.380859402811E+00   -0.138085940281E+01
    0.708000000823E+00    0.382527399107E+00   -0.138252739911E+01
    0.709000000828E+00    0.384203092196E+00   -0.138420309220E+01
    0.710000000833E+00    0.385886532319E+00   -0.138588653232E+01
    0.711000000838E+00    0.387577770181E+00   -0.138757777018E+01
    0.712000000843E+00    0.389276856957E+00   -0.138927685696E+01
    0.713000000848E+00    0.390983844295E+00   -0.139098384429E+01
    0.714000000853E+00    0.392698784323E+00   -0.139269878432E+01
    0.715000000858E+00    0.394421729656E+00   -0.139442172966E+01
    0.716000000863E+00    0.396152733398E+00   -0.139615273340E+01
    0.717000000868E+00    0.397891849152E+00   -0.139789184915E+01
    0.718000000873E+00    0.399639131024E+00   -0.139963913102E+01
    0.719000000878E+00    0.401394633627E+00   -0.140139463363E+01
    0.720000000883E+00    0.403158412091E+00   -0.140315841209E+01
    0.721000000888E+00    0.404930522067E+00   -0.140493052207E+01
    0.722000000893E+00    0.406711019732E+00   -0.140671101973E+01
    0.723000000898E+00    0.408499961798E+00   -0.140849996180E+01
    0.724000000903E+00    0.410297405518E+00   -0.141029740552E+01
    0.725000000908E+00    0.412103408691E+00   -0.141210340869E+01
    0.726000000913E+00    0.413918029669E+00   -0.141391802967E+01
    0.727000000918E+00    0.415741327364E+00   -0.141574132736E+01
    0.728000000923E+00    0.417573361256E+00   -0.141757336126E+01
    0.729000000928E+00    0.419414191398E+00   -0.141941419140E+01
    0.730000000933E+00    0.421263878425E+00   -0.142126387842E+01
    0.731000000938E+00    0.423122483559E+00   -0.142312248356E+01
    0.732000000943E+00    0.424990068617E+00   -0.142499006862E+01
    0.733000000948E+00    0.426866696021E+00   -0.142686669602E+01
    0.734000000953E+00    0.428752428800E+00   -0.142875242880E+01
    0.735000000958E+00    0.430647330603E+00   -0.143064733060E+01
    0.736000000963E+00    0.432551465703E+00   -0.143255146570E+01
    0.737000000968E+00    0.434464899007E+00   -0.143446489901E+01
    0.738000000973E+00    0.436387696062E+00   -0.143638769606E+01
    0.739000000978E+00    0.438319923067E+00   -0.143831992307E+01
    0.740000000983E+00    0.440261646874E+00   -0.144026164687E+01
    0.741000000988E+00    0.442212935004E+00   -0.144221293500E+01
    0.742000000993E+00    0.444173855651E+00   -0.144417385565E+01
    0.743000000999E+00    0.446144477692E+00   -0.144614447769E+01
    0.744000001004E+00    0.448124870693E+00   -0.144812487069E+01
    0.745000001009E+00    0.450115104924E+00   -0.145011510492E+01
    0.746000001014E+00    0.452115251360E+00   -0.145211525136E+01
    0.747000001019E+00    0.454125381697E+00   -0.145412538170E+01
    0.748000001024E+00    0.456145568358E+00   -0.145614556836E+01
    0.749000001029E+00    0.458175884500E+00   -0.145817588450E+01
    0.750000001034E+00    0.460216404031E+00   -0.146021640403E+01
    0.751000001039E+00    0.462267201610E+00   -0.146226720161E+01
    0.752000001044E+00    0.464328352665E+00   -0.146432835267E+01
    0.753000001049E+00    0.466399933399E+00   -0.146639993340E+01
    0.754000001054E+00    0.468482020800E+00   -0.146848202080E+01
    0.755000001059E+00    0.470574692654E+00   -0.147057469265E+01
    0.756000001064E+00    0.472678027552E+00   -0.147267802755E+01
    0.757000001069E+00    0.474792104903E+00   -0.147479210490E+01
    0.758000001074E+00    0.476917004943E+00   -0.147691700494E+01
    0.759000001079E+00    0.479052808750E+00   -0.147905280875E+01
    0.760000001084E+00    0.481199598249E+00   -0.148119959825E+01
    0.761000001089E+00    0.483357456228E+00   -0.148335745623E+01
    0.762000001094E+00    0.485526466349E+00   -0.148552646635E+01
    0.763000001099E+00    0.487706713158E+00   -0.148770671316E+01
    0.764000001104E+00    0.489898282096E+00   -0.148989828210E+01
    0.765000001109E+00    0.492101259516E+00   -0.149210125952E+01
    0.766000001114E+00    0.494315732691E+00   -0.149431573269E+01
    0.767000001119E+00    0.496541789826E+00   -0.149654178983E+01
    0.768000001124E+00    0.498779520074E+00   -0.149877952007E+01
    0.769000001129E+00    0.501029013548E+00   -0.150102901355E+01
    0.770000001134E+00    0.503290361331E+00   -0.150329036133E+01
    0.771000001139E+00    0.505563655494E+00   -0.150556365549E+01
    0.772000001144E+00    0.507848989106E+00   -0.150784898911E+01
    0.773000001149E+00    0.510146456250E+00   -0.151014645625E+01
    0.774000001154E+00    0.512456152036E+00   -0.151245615204E+01
    0.775000001159E+00    0.514778172614E+00   -0.151477817261E+01
    0.776000001164E+00    0.517112615192E+00   -0.151711261519E+01
    0.777000001169E+00    0.519459578048E+00   -0.151945957805E+01
    0.778000001174E+00    0.521819160545E+00   -0.152181916055E+01
    0.779000001179E+00    0.524191463149E+00   -0.152419146315E+01
    0.780000001184E+00    0.526576587439E+00   -0.152657658744E+01
    0.781000001189E+00    0.528974636130E+00   -0.152897463613E+01
    0.782000001194E+00    0.531385713084E+00   -0.153138571308E+01
    0.783000001199E+00    0.533809923327E+00   -0.153380992333E+01
    0.784000001205E+00    0.536247373067E+00   -0.153624737307E+01
    0.785000001210E+00    0.538698169710E+00   -0.153869816971E+01
    0.786000001215E+00    0.541162421878E+00   -0.154116242188E+01
    0.787000001220E+00    0.543640239427E+00   -0.154364023943E+01
    0.788000001225E+00    0.546131733461E+00   -0.154613173346E+01
    0.789000001230E+00    0.548637016356E+00   -0.154863701636E+01
    0.790000001235E+00    0.551156201774E+00   -0.155115620177E+01
    0.791000001240E+00    0.553689404682E+00   -0.155368940468E+01
    0.792000001245E+00    0.556236741375E+00   -0.155623674137E+01
    0.793000001250E+00    0.558798329491E+00   -0.155879832949E+01
    0.794000001255E+00    0.561374288034E+00   -0.156137428803E+01
    0.795000001260E+00    0.563964737391E+00   -0.156396473739E+01
    0.796000001265E+00    0.566569799355E+00   -0.156656979935E+01
    0.797000001270E+00    0.569189597146E+00   -0.156918959715E+01
    0.798000001275E+00    0.571824255432E+00   -0.157182425543E+01
    0.799000001280E+00    0.574473900347E+00   -0.157447390035E+01
    0.800000001285E+00    0.577138659520E+00   -0.157713865952E+01
    0.801000001290E+00    0.579818662091E+00   -0.157981866209E+01
    0.802000001295E+00    0.582514038738E+00   -0.158251403874E+01
    0.803000001300E+00    0.585224921698E+00   -0.158522492170E+01
    0.804000001305E+00    0.587951444792E+00   -0.158795144479E+01
    0.805000001310E+00    0.590693743449E+00   -0.159069374345E+01
    0.806000001315E+00    0.593451954730E+00   -0.159345195473E+01
    0.807000001320E+00    0.596226217353E+00   -0.159622621735E+01
    0.808000001325E+00    0.599016671720E+00   -0.159901667172E+01
    0.809000001330E+00    0.601823459940E+00   -0.160182345994E+01
    0.810000001335E+00    0.604646725860E+00   -0.160464672586E+01
    0.811000001340E+00    0.607486615088E+00   -0.160748661509E+01
    0.812000001345E+00    0.610343275023E+00   -0.161034327502E+01
    0.813000001350E+00    0.613216854880E+00   -0.161321685488E+01
    0.814000001355E+00    0.616107505724E+00   -0.161610750572E+01
    0.815000001360E+00    0.619015380492E+00   -0.161901538049E+01
    0.816000001365E+00    0.621940634029E+00   -0.162194063403E+01
    0.817000001370E+00    0.624883423116E+00   -0.162488342312E+01
    0.818000001375E+00    0.627843906499E+00   -0.162784390650E+01
    0.819000001380E+00    0.630822244923E+00   -0.163082224492E+01
    0.820000001385E+00    0.633818601163E+00   -0.163381860116E+01
    0.821000001390E+00    0.636833140056E+00   -0.163683314006E+01
    0.822000001395E+00    0.639866028537E+00   -0.163986602854E+01
    0.823000001400E+00    0.642917435669E+00   -0.164291743567E+01
    0.824000001406E+00    0.645987532682E+00   -0.164598753268E+01
    0.825000001411E+00    0.649076493003E+00   -0.164907649300E+01
    0.826000001416E+00    0.652184492299E+00   -0.165218449230E+01
    0.827000001421E+00    0.655311708507E+00   -0.165531170851E+01
    0.828000001426E+00    0.658458321876E+00   -0.165845832188E+01
    0.829000001431E+00    0.661624515002E+00   -0.166162451500E+01
    0.830000001436E+00    0.664810472872E+00   -0.166481047287E+01
    0.831000001441E+00    0.668016382897E+00   -0.166801638290E+01
    0.832000001446E+00    0.671242434958E+00   -0.167124243496E+01
    0.833000001451E+00    0.674488821445E+00   -0.167448882145E+01
    0.834000001456E+00    0.677755737302E+00   -0.167775573730E+01
    0.835000001461E+00    0.681043380065E+00   -0.168104338006E+01
    0.836000001466E+00    0.684351949911E+00   -0.168435194991E+01
    0.837000001471E+00    0.687681649701E+00   -0.168768164970E+01
    0.838000001476E+00    0.691032685027E+00   -0.169103268503E+01
    0.839000001481E+00    0.694405264256E+00   -0.169440526426E+01
    0.840000001486E+00    0.697799598581E+00   -0.169779959858E+01
    0.841000001491E+00    0.701215902069E+00   -0.170121590207E+01
    0.842000001496E+00    0.704654391709E+00   -0.170465439171E+01
    0.843000001501E+00    0.708115287468E+00   -0.170811528747E+01
    0.844000001506E+00    0.711598812336E+00   -0.171159881234E+01
    0.845000001511E+00    0.715105192383E+00   -0.171510519238E+01
    0.846000001516E+00    0.718634656816E+00   -0.171863465682E+01
    0.847000001521E+00    0.722187438028E+00   -0.172218743803E+01
    0.848000001526E+00    0.725763771660E+00   -0.172576377166E+01
    0.849000001531E+00    0.729363896656E+00   -0.172936389666E+01
    0.850000001536E+00    0.732988055323E+00   -0.173298805532E+01
    0.851000001541E+00    0.736636493393E+00   -0.173663649339E+01
    0.852000001546E+00    0.740309460081E+00   -0.174030946008E+01
    0.853000001551E+00    0.744007208151E+00   -0.174400720815E+01
    0.854000001556E+00    0.747729993981E+00   -0.174772999398E+01
    0.855000001561E+00    0.751478077625E+00   -0.175147807763E+01
    0.856000001566E+00    0.755251722886E+00   -0.175525172289E+01
    0.857000001571E+00    0.759051197379E+00   -0.175905119738E+01
    0.858000001576E+00    0.762876772606E+00   -0.176287677261E+01
    0.859000001581E+00    0.766728724026E+00   -0.176672872403E+01
    0.860000001586E+00    0.770607331129E+00   -0.177060733113E+01
    0.861000001591E+00    0.774512877510E+00   -0.177451287751E+01
    0.862000001596E+00    0.778445650950E+00   -0.177844565095E+01
    0.863000001601E+00    0.782405943489E+00   -0.178240594349E+01
    0.864000001607E+00    0.786394051511E+00   -0.178639405151E+01
    0.865000001612E+00    0.790410275826E+00   -0.179041027583E+01
    0.866000001617E+00    0.794454921750E+00   -0.179445492175E+01
    0.867000001622E+00    0.798528299199E+00   -0.179852829920E+01
    0.868000001627E+00    0.802630722769E+00   -0.180263072277E+01
    0.869000001632E+00    0.806762511834E+00   -0.180676251183E+01
    0.870000001637E+00    0.810923990633E+00   -0.181092399063E+01
    0.871000001642E+00    0.815115488366E+00   -0.181511548837E+01
    0.872000001647E+00    0.819337339292E+00   -0.181933733929E+01
    0.873000001652E+00    0.823589882830E+00   -0.182358988283E+01
    0.874000001657E+00    0.827873463656E+00   -0.182787346366E+01
    0.875000001662E+00    0.832188431810E+00   -0.183218843181E+01
    0.876000001667E+00    0.836535142803E+00   -0.183653514280E+01
    0.877000001672E+00    0.840913957725E+00   -0.184091395772E+01
    0.878000001677E+00    0.845325243356E+00   -0.184532524336E+01
    0.879000001682E+00    0.849769372283E+00   -0.184976937228E+01
    0.880000001687E+00    0.854246723016E+00   -0.185424672302E+01
    0.881000001692E+00    0.858757680109E+00   -0.185875768011E+01
    0.882000001697E+00    0.863302634280E+00   -0.186330263428E+01
    0.883000001702E+00    0.867881982543E+00   -0.186788198254E+01
    0.884000001707E+00    0.872496128334E+00   -0.187249612833E+01
    0.885000001712E+00    0.877145481641E+00   -0.187714548164E+01
    0.886000001717E+00    0.881830459147E+00   -0.188183045915E+01
    0.887000001722E+00    0.886551484364E+00   -0.188655148436E+01
    0.888000001727E+00    0.891308987778E+00   -0.189130898778E+01
    0.889000001732E+00    0.896103406995E+00   -0.189610340699E+01
    0.890000001737E+00    0.900935186893E+00   -0.190093518689E+01
    0.891000001742E+00    0.905804779774E+00   -0.190580477977E+01
    0.892000001747E+00    0.910712645525E+00   -0.191071264552E+01
    0.893000001752E+00    0.915659251778E+00   -0.191565925178E+01
    0.894000001757E+00    0.920645074079E+00   -0.192064507408E+01
    0.895000001762E+00    0.925670596056E+00   -0.192567059606E+01
    0.896000001767E+00    0.930736309599E+00   -0.193073630960E+01
    0.897000001772E+00    0.935842715036E+00   -0.193584271504E+01
    0.898000001777E+00    0.940990321320E+00   -0.194099032132E+01
    0.899000001782E+00    0.946179646220E+00   -0.194617964622E+01
    0.900000001787E+00    0.951411216514E+00   -0.195141121651E+01
    0.901000001792E+00    0.956685568191E+00   -0.195668556819E+01
    0.902000001797E+00    0.962003246655E+00   -0.196200324665E+01
    0.903000001802E+00    0.967364806939E+00   -0.196736480694E+01
    0.904000001807E+00    0.972770813920E+00   -0.197277081392E+01
    0.905000001813E+00    0.978221842543E+00   -0.197822184254E+01
    0.906000001818E+00    0.983718478051E+00   -0.198371847805E+01
    0.907000001823E+00    0.989261316220E+00   -0.198926131622E+01
    0.908000001828E+00    0.994850963601E+00   -0.199485096360E+01
    0.909000001833E+00    0.100048803777E+01   -0.200048803777E+01
    0.910000001838E+00    0.100617316759E+01   -0.200617316759E+01
    0.911000001843E+00    0.101190699345E+01   -0.201190699345E+01
    0.912000001848E+00    0.101769016757E+01   -0.201769016757E+01
    0.913000001853E+00    0.102352335426E+01   -0.202352335426E+01
    0.914000001858E+00    0.102940723022E+01   -0.202940723022E+01
    0.915000001863E+00    0.103534248481E+01   -0.203534248481E+01
    0.916000001868E+00    0.104132982038E+01   -0.204132982038E+01
    0.917000001873E+00    0.104736995256E+01   -0.204736995256E+01
    0.918000001878E+00    0.105346361060E+01   -0.205346361060E+01
    0.919000001883E+00    0.105961153770E+01   -0.205961153770E+01
    0.920000001888E+00    0.106581449134E+01   -0.206581449134E+01
    0.921000001893E+00    0.107207324364E+01   -0.207207324364E+01
    0.922000001898E+00    0.107838858171E+01   -0.207838858171E+01
    0.923000001903E+00    0.108476130805E+01   -0.208476130805E+01
    0.924000001908E+00    0.109119224089E+01   -0.209119224089E+01
    0.925000001913E+00    0.109768221462E+01   -0.209768221462E+01
    0.926000001918E+00    0.110423208020E+01   -0.210423208020E+01
    0.927000001923E+00    0.111084270555E+01   -0.211084270556E+01
    0.928000001928E+00    0.111751497603E+01   -0.211751497603E+01
    0.929000001933E+00    0.112424979482E+01   -0.212424979482E+01
    0.930000001938E+00    0.113104808345E+01   -0.213104808345E+01
    0.931000001943E+00    0.113791078223E+01   -0.213791078223E+01
    0.932000001948E+00    0.114483885077E+01   -0.214483885077E+01
    0.933000001953E+00    0.115183326845E+01   -0.215183326845E+01
    0.934000001958E+00    0.115889503498E+01   -0.215889503498E+01
    0.935000001963E+00    0.116602517093E+01   -0.216602517093E+01
    0.936000001968E+00    0.117322471825E+01   -0.217322471825E+01
    0.937000001973E+00    0.118049474090E+01   -0.218049474090E+01
    0.938000001978E+00    0.118783632541E+01   -0.218783632541E+01
    0.939000001983E+00    0.119525058150E+01   -0.219525058150E+01
    0.940000001988E+00    0.120273864271E+01   -0.220273864271E+01
    0.941000001993E+00    0.121030166708E+01   -0.221030166708E+01
    0.942000001998E+00    0.121794083777E+01   -0.221794083777E+01
    0.943000002003E+00    0.122565736383E+01   -0.222565736383E+01
    0.944000002008E+00    0.123345248085E+01   -0.223345248085E+01
    0.945000002014E+00    0.124132745179E+01   -0.224132745179E+01
    0.946000002019E+00    0.124928356768E+01   -0.224928356768E+01
    0.947000002024E+00    0.125732214844E+01   -0.225732214844E+01
    0.948000002029E+00    0.126544454376E+01   -0.226544454376E+01
    0.949000002034E+00    0.127365213387E+01   -0.227365213387E+01
    0.950000002039E+00    0.128194633050E+01   -0.228194633050E+01
    0.951000002044E+00    0.129032857776E+01   -0.229032857776E+01
    0.952000002049E+00    0.129880035310E+01   -0.229880035310E+01
    0.953000002054E+00    0.130736316830E+01   -0.230736316830E+01
    0.954000002059E+00    0.131601857050E+01   -0.231601857050E+01
    0.955000002064E+00    0.132476814325E+01   -0.232476814325E+01
    0.956000002069E+00    0.133361350757E+01   -0.233361350757E+01
    0.957000002074E+00    0.134255632316E+01   -0.234255632316E+01
    0.958000002079E+00    0.135159828954E+01   -0.235159828954E+01
    0.959000002084E+00    0.136074114725E+01   -0.236074114725E+01
    0.960000002089E+00    0.136998667917E+01   -0.236998667917E+01
    0.961000002094E+00    0.137933671181E+01   -0.237933671181E+01
    0.962000002099E+00    0.138879311668E+01   -0.238879311668E+01
    0.963000002104E+00    0.139835781170E+01   -0.239835781170E+01
    0.964000002109E+00    0.140803276270E+01   -0.240803276270E+01
    0.965000002114E+00    0.141781998495E+01   -0.241781998495E+01
    0.966000002119E+00    0.142772154471E+01   -0.242772154471E+01
    0.967000002124E+00    0.143773956094E+01   -0.243773956094E+01
    0.968000002129E+00    0.144787620700E+01   -0.244787620700E+01
    0.969000002134E+00    0.145813371243E+01   -0.245813371243E+01
    0.970000002139E+00    0.146851436482E+01   -0.246851436482E+01
    0.971000002144E+00    0.147902051174E+01   -0.247902051174E+01
    0.972000002149E+00    0.148965456278E+01   -0.248965456278E+01
    0.973000002154E+00    0.150041899160E+01   -0.250041899160E+01
    0.974000002159E+00    0.151131633817E+01   -0.251131633817E+01
    0.975000002164E+00    0.152234921101E+01   -0.252234921101E+01
    0.976000002169E+00    0.153352028960E+01   -0.253352028960E+01
    0.977000002174E+00    0.154483232679E+01   -0.254483232679E+01
    0.978000002179E+00    0.155628815144E+01   -0.255628815145E+01
    0.979000002184E+00    0.156789067109E+01   -0.256789067109E+01
    0.980000002189E+00    0.157964287475E+01   -0.257964287475E+01
    0.981000002194E+00    0.159154783584E+01   -0.259154783584E+01
    0.982000002199E+00    0.160360871524E+01   -0.260360871524E+01
    0.983000002204E+00    0.161582876451E+01   -0.261582876451E+01
    0.984000002209E+00    0.162821132919E+01   -0.262821132919E+01
    0.985000002214E+00    0.164075985228E+01   -0.264075985229E+01
    0.986000002220E+00    0.165347787794E+01   -0.265347787794E+01
    0.987000002225E+00    0.166636905523E+01   -0.266636905523E+01
    0.988000002230E+00    0.167943714213E+01   -0.267943714213E+01
    0.989000002235E+00    0.169268600973E+01   -0.269268600973E+01
    0.990000002240E+00    0.170611964654E+01   -0.270611964654E+01
    0.991000002245E+00    0.171974216311E+01   -0.271974216311E+01
    0.992000002250E+00    0.173355779682E+01   -0.273355779682E+01
    0.993000002255E+00    0.174757091688E+01   -0.274757091688E+01
    0.994000002260E+00    0.176178602958E+01   -0.276178602958E+01
    0.995000002265E+00    0.177620778386E+01   -0.277620778386E+01
    0.996000002270E+00    0.179084097708E+01   -0.279084097708E+01
    0.997000002275E+00    0.180569056107E+01   -0.280569056107E+01
    0.998000002280E+00    0.182076164858E+01   -0.282076164858E+01
    0.999000002285E+00    0.183605951994E+01   -0.283605951994E+01
    0.100000000229E+01    0.185158963015E+01   -0.285158963015E+01
    0.100100000228E+01    0.186735761626E+01   -0.286735761626E+01
    0.100200000228E+01    0.188336930523E+01   -0.288336930523E+01
    0.100300000227E+01    0.189963072208E+01   -0.289963072208E+01
    0.100400000227E+01    0.191614809858E+01   -0.291614809858E+01
    0.100500000226E+01    0.193292788236E+01   -0.293292788236E+01
    0.100600000225E+01    0.194997674650E+01   -0.294997674650E+01
    0.100700000225E+01    0.196730159968E+01   -0.296730159968E+01
    0.100800000224E+01    0.198490959684E+01   -0.298490959684E+01
    0.100900000224E+01    0.200280815050E+01   -0.300280815050E+01
    0.101000000223E+01    0.202100494261E+01   -0.302100494261E+01
    0.101100000222E+01    0.203950793723E+01   -0.303950793723E+01
    0.101200000222E+01    0.205832539377E+01   -0.305832539377E+01
    0.101300000221E+01    0.207746588111E+01   -0.307746588111E+01
    0.101400000220E+01    0.209693829248E+01   -0.309693829248E+01
    0.101500000220E+01    0.211675186127E+01   -0.311675186127E+01
    0.101600000219E+01    0.213691617779E+01   -0.313691617779E+01
    0.101700000219E+01    0.215744120693E+01   -0.315744120693E+01
    0.101800000218E+01    0.217833730705E+01   -0.317833730705E+01
    0.101900000217E+01    0.219961524997E+01   -0.319961524997E+01
    0.102000000217E+01    0.222128624214E+01   -0.322128624214E+01
    0.102100000216E+01    0.224336194727E+01   -0.324336194727E+01
    0.102200000216E+01    0.226585451031E+01   -0.326585451031E+01
    0.102300000215E+01    0.228877658300E+01   -0.328877658300E+01
    0.102400000214E+01    0.231214135113E+01   -0.331214135113E+01
    0.102500000214E+01    0.233596256351E+01   -0.333596256351E+01
    0.102600000213E+01    0.236025456297E+01   -0.336025456297E+01
    0.102700000213E+01    0.238503231937E+01   -0.338503231937E+01
    0.102800000212E+01    0.241031146495E+01   -0.341031146495E+01
    0.102900000211E+01    0.243610833204E+01   -0.343610833204E+01
    0.103000000211E+01    0.246243999348E+01   -0.346243999348E+01
    0.103100000210E+01    0.248932430590E+01   -0.348932430590E+01
    0.103200000210E+01    0.251677995603E+01   -0.351677995603E+01
    0.103300000209E+01    0.254482651052E+01   -0.354482651052E+01
    0.103400000208E+01    0.257348446928E+01   -0.357348446928E+01
    0.103500000208E+01    0.260277532293E+01   -0.360277532293E+01
    0.103600000207E+01    0.263272161452E+01   -0.363272161452E+01
    0.103700000207E+01    0.266334700602E+01   -0.366334700602E+01
    0.103800000206E+01    0.269467634993E+01   -0.369467634993E+01
    0.103900000205E+01    0.272673576665E+01   -0.372673576665E+01
    0.104000000205E+01    0.275955272787E+01   -0.375955272787E+01
    0.104100000204E+01    0.279315614687E+01   -0.379315614687E+01
    0.104200000203E+01    0.282757647618E+01   -0.382757647618E+01
    0.104300000203E+01    0.286284581338E+01   -0.386284581338E+01
    0.104400000202E+01    0.289899801590E+01   -0.389899801590E+01
    0.104500000202E+01    0.293606882568E+01   -0.393606882568E+01
    0.104600000201E+01    0.297409600473E+01   -0.397409600473E+01
    0.104700000200E+01    0.301311948267E+01   -0.401311948267E+01
    0.104800000200E+01    0.305318151763E+01   -0.405318151763E+01
    0.104900000199E+01    0.309432687183E+01   -0.409432687183E+01
    0.105000000199E+01    0.313660300355E+01   -0.413660300355E+01
    0.105100000198E+01    0.318006027722E+01   -0.418006027722E+01
    0.105200000197E+01    0.322475219375E+01   -0.422475219375E+01
    0.105300000197E+01    0.327073564341E+01   -0.427073564341E+01
    0.105400000196E+01    0.331807118392E+01   -0.431807118392E+01
    0.105500000196E+01    0.336682334669E+01   -0.436682334669E+01
    0.105600000195E+01    0.341706097475E+01   -0.441706097475E+01
    0.105700000194E+01    0.346885759611E+01   -0.446885759611E+01
    0.105800000194E+01    0.352229183729E+01   -0.452229183729E+01
    0.105900000193E+01    0.357744788185E+01   -0.457744788185E+01
    0.106000000193E+01    0.363441598009E+01   -0.463441598009E+01
    0.106100000192E+01    0.369329301662E+01   -0.469329301662E+01
    0.106200000191E+01    0.375418314371E+01   -0.475418314371E+01
    0.106300000191E+01    0.381719848966E+01   -0.481719848966E+01
    0.106400000190E+01    0.388245995267E+01   -0.488245995267E+01
    0.106500000189E+01    0.395009809288E+01   -0.495009809288E+01
    0.106600000189E+01    0.402025413698E+01   -0.502025413698E+01
    0.106700000188E+01    0.409308111255E+01   -0.509308111255E+01
    0.106800000188E+01    0.416874513228E+01   -0.516874513228E+01
    0.106900000187E+01    0.424742685199E+01   -0.524742685199E+01
    0.107000000186E+01    0.432932313071E+01   -0.532932313071E+01
    0.107100000186E+01    0.441464892666E+01   -0.541464892666E+01
    0.107200000185E+01    0.450363946953E+01   -0.550363946953E+01
    0.107300000185E+01    0.459655275769E+01   -0.559655275769E+01
    0.107400000184E+01    0.469367243916E+01   -0.569367243916E+01
    0.107500000183E+01    0.479531114742E+01   -0.579531114742E+01
    0.107600000183E+01    0.490181437929E+01   -0.590181437929E+01
    0.107700000182E+01    0.501356502127E+01   -0.601356502127E+01
    0.107800000182E+01    0.513098865599E+01   -0.613098865599E+01
    0.107900000181E+01    0.525455981178E+01   -0.625455981178E+01
    0.108000000180E+01    0.538480935913E+01   -0.638480935913E+01
    0.108100000180E+01    0.552233330966E+01   -0.652233330966E+01
    0.108200000179E+01    0.566780334166E+01   -0.666780334166E+01
    0.108300000179E+01    0.582197946484E+01   -0.682197946484E+01
    0.108400000178E+01    0.598572535483E+01   -0.698572535483E+01
    0.108500000177E+01    0.616002704542E+01   -0.716002704542E+01
    0.108600000177E+01    0.634601587792E+01   -0.734601587792E+01
    0.108700000176E+01    0.654499689638E+01   -0.754499689638E+01
    0.108800000176E+01    0.675848427554E+01   -0.775848427554E+01
    0.108900000175E+01    0.698824592424E+01   -0.798824592424E+01
    0.109000000174E+01    0.723636019437E+01   -0.823636019437E+01
    0.109100000174E+01    0.750528875514E+01   -0.850528875514E+01
    0.109200000173E+01    0.779797134147E+01   -0.879797134147E+01
    0.109300000172E+01    0.811795053383E+01   -0.911795053383E+01
    0.109400000172E+01    0.846953843253E+01   -0.946953843253E+01
    0.109500000171E+01    0.885804281878E+01   -0.985804281878E+01
